1
2
3
4
5
6
7
8
9
10
11
12
13
14
15
16
17
18
19
20
1
01
02
03
04
05
06
07
08
09
10
11
12
13
14
15
16
17
18
19
20
001
002
003
004
005
006
007
008
009
010
011
012
013
014
015
016
017
018
019
020
1970
1971
1972
1973
1974
1975
1976
1977
1978
1979
1980
1981
1982
1983
1984
1985
1986
1987
1988
1989
1990
1991
1992
1993
1994
1995
1996
1997
1998
1999
2000
2001
2002
2003
2004
2005
2006
2007
2008
2009
2010
2011
2012
2013
2014
2015
2016
2017
1024
9527
1122
3344
1314
520
521
998
666
888
5201314
54646
4545
5456
5534
546568
56453143
4563
78343534
654648
45683
5468623
5648
87631434
866736
453448
56873148
86877867
131354
313873
1238737
6734378
313837
313837
3134435
5488343
5343
34387
343834358